
x*  = 0.038244, 6.957922, 0.041207, 0.000000, 0.000000, 
fx = 191.586056
g  = nan nan nan nan nan 

